Episode: 32
Score: 0.18448314598462262
Weighted Win Rate: 0.046242774566473986
Total Reward: -139.63801561092026
Epsilon: 0.3857692307692308
Total Trades: 17195
Win Rate: 0.012038383250945042
Action Distribution: {0: 0.6652549275126242, 1: 0.1083781289026443, 2: 0.114079383178585, 3: 0.1122875604061465}
Average Loss: nan
Actions: [0, 0, 0, 0, 0, 0, 0, 3, 0, 1, 0, 0, 0, 0, 0, 0, 0, 0, 0, 0, 0, 0, 0, 0, 0, 2, 3, 0, 0, 0, 2, 0, 0, 0, 0, 0, 3, 1, 0, 1, 1, 0, 0, 3, 0, 0, 3, 0, 0, 0, 1, 0, 2, 0, 0, 0, 0, 0, 0, 3, 2, 0, 0, 3, 3, 0, 0, 1, 2, 3, 0, 0, 0, 0, 2, 1, 0, 3, 0, 0, 0, 0, 2, 0, 0, 0, 0, 0, 2, 0, 3, 0, 0, 0, 0, 0, 0, 0, 0, 1, 0, 3, 0, 2, 0, 3, 0, 0, 0, 3, 0, 1, 0, 0, 0, 0, 0, 0, 2, 2, 2, 0, 1, 0, 0, 3, 1, 1, 0, 3, 0, 0, 1, 0, 3, 3, 2, 0, 0, 3, 0, 0, 0, 0, 1, 0, 3, 0, 0, 0, 2, 0, 0, 0, 1, 3, 0, 0, 1, 0, 0, 2, 0, 1, 1, 2, 0, 0, 3, 0, 3, 0, 0, 0, 1, 0, 0, 0, 0, 0, 0, 0, 0, 0, 0, 0, 0, 3, 0, 1, 0, 0, 2, 0, 0, 0, 0, 2, 3, 0, 0, 2, 0, 0, 0, 0, 0, 0, 0, 0, 0, 0, 0, 0, 0, 0, 3, 0, 0, 0, 0, 0, 2, 0, 0, 0, 0, 0, 0, 1, 0, 3, 0, 3, 0, 0, 1, 0, 0, 0, 2, 0, 0, 0, 0, 3, 0, 0, 2, 2, 0, 0, 0, 0, 0, 0, 3, 1, 0, 0, 0, 0, 0, 2, 0, 2, 0, 0, 1, 0, 0, 0, 0, 0, 0, 0, 0, 3, 1, 3, 0, 0, 0, 0, 3, 0, 0, 0, 2, 0, 1, 0, 0, 2, 0, 0, 1, 0, 1, 2, 0, 0, 0, 1, 0, 2, 0, 0, 0, 0, 1, 0, 0, 0, 1, 0, 0, 0, 0, 0, 0, 0, 0, 0, 0, 0, 3, 0, 0, 0, 0, 1, 0, 0, 0, 0, 2, 0, 0, 1, 3, 0, 0, 0, 1, 0, 0, 0, 2, 2, 0, 0, 0, 0, 0, 0, 0, 0, 0, 0, 0, 0, 2, 1, 0, 0, 0, 0, 0, 1, 0, 0, 0, 0, 0, 0, 0, 0, 0, 1, 1, 0, 0, 3, 0, 0, 0, 0, 0, 1, 0, 0, 0, 3, 0, 1, 2, 3, 0, 0, 0, 0, 3, 0, 0, 1, 0, 0, 2, 0, 0, 0, 0, 3, 0, 0, 0, 0, 0, 0, 0, 1, 0, 2, 0, 1, 3, 0, 0, 0, 0, 0, 0, 0, 0, 0, 0, 0, 0, 0, 0, 0, 0, 0, 0, 0, 0, 0, 1, 0, 0, 1, 0, 0, 2, 0, 0, 2, 2, 0, 2, 1, 0, 0, 0, 3, 0, 0, 0, 0, 0, 0, 1, 0, 0, 0, 3, 2, 3, 1, 0, 0, 0, 2, 3, 0, 3, 0, 0, 0, 0, 0, 3, 3, 3, 0, 0, 0, 2, 0, 1, 0, 0, 3, 1, 1, 0, 0, 0, 0, 0, 2, 0, 0, 0, 0, 1, 0, 0, 1, 3, 0, 0, 2, 0, 0, 1, 0, 2, 0, 0, 1, 1, 0, 0, 0, 0, 2, 0, 1, 0, 0, 3, 0, 1, 0, 3, 2, 3, 0, 0, 0, 0, 0, 0, 0, 1, 0, 0, 3, 0, 1, 0, 0, 0, 2, 2, 2, 0, 3, 2, 0, 0, 0, 0, 0, 0, 3, 0, 0, 0, 2, 0, 0, 0, 0, 0, 0, 3, 0, 0, 1, 0, 0, 0, 0, 0, 3, 0]
